{
    "params" : 
    [
        {
            "R"  : [ 0.999751, 0.0167119, -0.0148035, -0.0136167, 0.981905, 0.188885, 0.0176922, -0.188637, 0.981888 ],
            "C"  : [ -0.0103046, 0.195342, 0.0943794 ]
        },
        {
            "R"  : [ 0.998718, 0.0497928, -0.00909946, -0.0491934, 0.997149, 0.0572104, 0.0119222, -0.0566895, 0.998321 ],
            "C"  : [ -0.00521064, 0.0656396, 0.0761841 ]
        },
        {
            "R"  : [ 0.996352, 0.0849094, -0.00859199, -0.0853153, 0.993535, -0.0748908, 0.00217751, 0.0753506, 0.997155 ],
            "C"  : [ 0.00385656, -0.0644369, 0.0759008 ]
        },
        {
            "R"  : [ 0.992845, 0.118475, -0.0149346, -0.119015, 0.971573, -0.20465, -0.00973584, 0.204964, 0.978721 ],
            "C"  : [ 0.0150862, -0.192376, 0.091929 ]
        },
        {
            "R"  : [ 0.988091, 0.151958, -0.0241826, -0.151307, 0.930992, -0.332205, -0.0279673, 0.331907, 0.942897 ],
            "C"  : [ 0.0325755, -0.317721, 0.126133 ]
        },
        {
            "R"  : [ 0.982382, 0.182711, -0.039258, -0.180311, 0.871479, -0.456085, -0.0491194, 0.455128, 0.88907 ],
            "C"  : [ 0.0530073, -0.440118, 0.17684 ]
        },
        {
            "R"  : [ 0.97603, 0.208695, -0.0617444, -0.206646, 0.799648, -0.563791, -0.0682862, 0.563036, 0.823607 ],
            "C"  : [ 0.0714979, -0.547213, 0.240034 ]
        },
        {
            "R"  : [ 0.968171, 0.236371, -0.082304, -0.229808, 0.709223, -0.666477, -0.0991638, 0.664178, 0.740969 ],
            "C"  : [ 0.101573, -0.647979, 0.320073 ]
        },
        {
            "R"  : [ 0.95986, 0.258425, -0.109018, -0.249019, 0.606327, -0.75522, -0.129067, 0.752053, 0.646342 ],
            "C"  : [ 0.130695, -0.735969, 0.411955 ]
        },
        {
            "R"  : [ 0.951005, 0.277055, -0.137223, -0.263231, 0.492761, -0.829395, -0.16217, 0.82488, 0.541548 ],
            "C"  : [ 0.163013, -0.808872, 0.514314 ]
        },
        {
            "R"  : [ 0.941627, 0.292856, -0.166056, -0.271984, 0.371065, -0.887883, -0.198404, 0.881218, 0.429057 ],
            "C"  : [ 0.198681, -0.86639, 0.62401 ]
        }
    ]
}
