{
    "sfm_data_version": "0.3",
    "root_path": "../../../../src/templeRing",
    "views": [
        {
            "key": 0,
            "value": {
                "polymorphic_id": 1073741824,
                "ptr_wrapper": {
                    "id": 2147483649,
                    "data": {
                        "local_path": "",
                        "filename": "templeR0001.png",
                        "width": 640,
                        "height": 480,
                        "id_view": 0,
                        "id_intrinsic": 0,
                        "id_pose": 0
                    }
                }
            }
        },
        {
            "key": 1,
            "value": {
                "polymorphic_id": 1073741824,
                "ptr_wrapper": {
                    "id": 2147483650,
                    "data": {
                        "local_path": "",
                        "filename": "templeR0002.png",
                        "width": 640,
                        "height": 480,
                        "id_view": 1,
                        "id_intrinsic": 0,
                        "id_pose": 1
                    }
                }
            }
        },
        {
            "key": 2,
            "value": {
                "polymorphic_id": 1073741824,
                "ptr_wrapper": {
                    "id": 2147483651,
                    "data": {
                        "local_path": "",
                        "filename": "templeR0003.png",
                        "width": 640,
                        "height": 480,
                        "id_view": 2,
                        "id_intrinsic": 0,
                        "id_pose": 2
                    }
                }
            }
        },
        {
            "key": 3,
            "value": {
                "polymorphic_id": 1073741824,
                "ptr_wrapper": {
                    "id": 2147483652,
                    "data": {
                        "local_path": "",
                        "filename": "templeR0004.png",
                        "width": 640,
                        "height": 480,
                        "id_view": 3,
                        "id_intrinsic": 0,
                        "id_pose": 3
                    }
                }
            }
        },
        {
            "key": 4,
            "value": {
                "polymorphic_id": 1073741824,
                "ptr_wrapper": {
                    "id": 2147483653,
                    "data": {
                        "local_path": "",
                        "filename": "templeR0005.png",
                        "width": 640,
                        "height": 480,
                        "id_view": 4,
                        "id_intrinsic": 0,
                        "id_pose": 4
                    }
                }
            }
        },
        {
            "key": 5,
            "value": {
                "polymorphic_id": 1073741824,
                "ptr_wrapper": {
                    "id": 2147483654,
                    "data": {
                        "local_path": "",
                        "filename": "templeR0006.png",
                        "width": 640,
                        "height": 480,
                        "id_view": 5,
                        "id_intrinsic": 0,
                        "id_pose": 5
                    }
                }
            }
        },
        {
            "key": 6,
            "value": {
                "polymorphic_id": 1073741824,
                "ptr_wrapper": {
                    "id": 2147483655,
                    "data": {
                        "local_path": "",
                        "filename": "templeR0007.png",
                        "width": 640,
                        "height": 480,
                        "id_view": 6,
                        "id_intrinsic": 0,
                        "id_pose": 6
                    }
                }
            }
        },
        {
            "key": 7,
            "value": {
                "polymorphic_id": 1073741824,
                "ptr_wrapper": {
                    "id": 2147483656,
                    "data": {
                        "local_path": "",
                        "filename": "templeR0008.png",
                        "width": 640,
                        "height": 480,
                        "id_view": 7,
                        "id_intrinsic": 0,
                        "id_pose": 7
                    }
                }
            }
        },
        {
            "key": 8,
            "value": {
                "polymorphic_id": 1073741824,
                "ptr_wrapper": {
                    "id": 2147483657,
                    "data": {
                        "local_path": "",
                        "filename": "templeR0009.png",
                        "width": 640,
                        "height": 480,
                        "id_view": 8,
                        "id_intrinsic": 0,
                        "id_pose": 8
                    }
                }
            }
        },
        {
            "key": 9,
            "value": {
                "polymorphic_id": 1073741824,
                "ptr_wrapper": {
                    "id": 2147483658,
                    "data": {
                        "local_path": "",
                        "filename": "templeR0010.png",
                        "width": 640,
                        "height": 480,
                        "id_view": 9,
                        "id_intrinsic": 0,
                        "id_pose": 9
                    }
                }
            }
        },
        {
            "key": 10,
            "value": {
                "polymorphic_id": 1073741824,
                "ptr_wrapper": {
                    "id": 2147483659,
                    "data": {
                        "local_path": "",
                        "filename": "templeR0011.png",
                        "width": 640,
                        "height": 480,
                        "id_view": 10,
                        "id_intrinsic": 0,
                        "id_pose": 10
                    }
                }
            }
        },
        {
            "key": 11,
            "value": {
                "polymorphic_id": 1073741824,
                "ptr_wrapper": {
                    "id": 2147483660,
                    "data": {
                        "local_path": "",
                        "filename": "templeR0012.png",
                        "width": 640,
                        "height": 480,
                        "id_view": 11,
                        "id_intrinsic": 0,
                        "id_pose": 11
                    }
                }
            }
        },
        {
            "key": 12,
            "value": {
                "polymorphic_id": 1073741824,
                "ptr_wrapper": {
                    "id": 2147483661,
                    "data": {
                        "local_path": "",
                        "filename": "templeR0013.png",
                        "width": 640,
                        "height": 480,
                        "id_view": 12,
                        "id_intrinsic": 0,
                        "id_pose": 12
                    }
                }
            }
        },
        {
            "key": 13,
            "value": {
                "polymorphic_id": 1073741824,
                "ptr_wrapper": {
                    "id": 2147483662,
                    "data": {
                        "local_path": "",
                        "filename": "templeR0014.png",
                        "width": 640,
                        "height": 480,
                        "id_view": 13,
                        "id_intrinsic": 0,
                        "id_pose": 13
                    }
                }
            }
        },
        {
            "key": 14,
            "value": {
                "polymorphic_id": 1073741824,
                "ptr_wrapper": {
                    "id": 2147483663,
                    "data": {
                        "local_path": "",
                        "filename": "templeR0015.png",
                        "width": 640,
                        "height": 480,
                        "id_view": 14,
                        "id_intrinsic": 0,
                        "id_pose": 14
                    }
                }
            }
        },
        {
            "key": 15,
            "value": {
                "polymorphic_id": 1073741824,
                "ptr_wrapper": {
                    "id": 2147483664,
                    "data": {
                        "local_path": "",
                        "filename": "templeR0016.png",
                        "width": 640,
                        "height": 480,
                        "id_view": 15,
                        "id_intrinsic": 0,
                        "id_pose": 15
                    }
                }
            }
        },
        {
            "key": 16,
            "value": {
                "polymorphic_id": 1073741824,
                "ptr_wrapper": {
                    "id": 2147483665,
                    "data": {
                        "local_path": "",
                        "filename": "templeR0017.png",
                        "width": 640,
                        "height": 480,
                        "id_view": 16,
                        "id_intrinsic": 0,
                        "id_pose": 16
                    }
                }
            }
        },
        {
            "key": 17,
            "value": {
                "polymorphic_id": 1073741824,
                "ptr_wrapper": {
                    "id": 2147483666,
                    "data": {
                        "local_path": "",
                        "filename": "templeR0018.png",
                        "width": 640,
                        "height": 480,
                        "id_view": 17,
                        "id_intrinsic": 0,
                        "id_pose": 17
                    }
                }
            }
        },
        {
            "key": 18,
            "value": {
                "polymorphic_id": 1073741824,
                "ptr_wrapper": {
                    "id": 2147483667,
                    "data": {
                        "local_path": "",
                        "filename": "templeR0019.png",
                        "width": 640,
                        "height": 480,
                        "id_view": 18,
                        "id_intrinsic": 0,
                        "id_pose": 18
                    }
                }
            }
        },
        {
            "key": 19,
            "value": {
                "polymorphic_id": 1073741824,
                "ptr_wrapper": {
                    "id": 2147483668,
                    "data": {
                        "local_path": "",
                        "filename": "templeR0020.png",
                        "width": 640,
                        "height": 480,
                        "id_view": 19,
                        "id_intrinsic": 0,
                        "id_pose": 19
                    }
                }
            }
        },
        {
            "key": 20,
            "value": {
                "polymorphic_id": 1073741824,
                "ptr_wrapper": {
                    "id": 2147483669,
                    "data": {
                        "local_path": "",
                        "filename": "templeR0021.png",
                        "width": 640,
                        "height": 480,
                        "id_view": 20,
                        "id_intrinsic": 0,
                        "id_pose": 20
                    }
                }
            }
        },
        {
            "key": 21,
            "value": {
                "polymorphic_id": 1073741824,
                "ptr_wrapper": {
                    "id": 2147483670,
                    "data": {
                        "local_path": "",
                        "filename": "templeR0022.png",
                        "width": 640,
                        "height": 480,
                        "id_view": 21,
                        "id_intrinsic": 0,
                        "id_pose": 21
                    }
                }
            }
        },
        {
            "key": 22,
            "value": {
                "polymorphic_id": 1073741824,
                "ptr_wrapper": {
                    "id": 2147483671,
                    "data": {
                        "local_path": "",
                        "filename": "templeR0023.png",
                        "width": 640,
                        "height": 480,
                        "id_view": 22,
                        "id_intrinsic": 0,
                        "id_pose": 22
                    }
                }
            }
        },
        {
            "key": 23,
            "value": {
                "polymorphic_id": 1073741824,
                "ptr_wrapper": {
                    "id": 2147483672,
                    "data": {
                        "local_path": "",
                        "filename": "templeR0024.png",
                        "width": 640,
                        "height": 480,
                        "id_view": 23,
                        "id_intrinsic": 0,
                        "id_pose": 23
                    }
                }
            }
        },
        {
            "key": 24,
            "value": {
                "polymorphic_id": 1073741824,
                "ptr_wrapper": {
                    "id": 2147483673,
                    "data": {
                        "local_path": "",
                        "filename": "templeR0025.png",
                        "width": 640,
                        "height": 480,
                        "id_view": 24,
                        "id_intrinsic": 0,
                        "id_pose": 24
                    }
                }
            }
        },
        {
            "key": 25,
            "value": {
                "polymorphic_id": 1073741824,
                "ptr_wrapper": {
                    "id": 2147483674,
                    "data": {
                        "local_path": "",
                        "filename": "templeR0026.png",
                        "width": 640,
                        "height": 480,
                        "id_view": 25,
                        "id_intrinsic": 0,
                        "id_pose": 25
                    }
                }
            }
        },
        {
            "key": 26,
            "value": {
                "polymorphic_id": 1073741824,
                "ptr_wrapper": {
                    "id": 2147483675,
                    "data": {
                        "local_path": "",
                        "filename": "templeR0027.png",
                        "width": 640,
                        "height": 480,
                        "id_view": 26,
                        "id_intrinsic": 0,
                        "id_pose": 26
                    }
                }
            }
        },
        {
            "key": 27,
            "value": {
                "polymorphic_id": 1073741824,
                "ptr_wrapper": {
                    "id": 2147483676,
                    "data": {
                        "local_path": "",
                        "filename": "templeR0028.png",
                        "width": 640,
                        "height": 480,
                        "id_view": 27,
                        "id_intrinsic": 0,
                        "id_pose": 27
                    }
                }
            }
        },
        {
            "key": 28,
            "value": {
                "polymorphic_id": 1073741824,
                "ptr_wrapper": {
                    "id": 2147483677,
                    "data": {
                        "local_path": "",
                        "filename": "templeR0029.png",
                        "width": 640,
                        "height": 480,
                        "id_view": 28,
                        "id_intrinsic": 0,
                        "id_pose": 28
                    }
                }
            }
        },
        {
            "key": 29,
            "value": {
                "polymorphic_id": 1073741824,
                "ptr_wrapper": {
                    "id": 2147483678,
                    "data": {
                        "local_path": "",
                        "filename": "templeR0030.png",
                        "width": 640,
                        "height": 480,
                        "id_view": 29,
                        "id_intrinsic": 0,
                        "id_pose": 29
                    }
                }
            }
        },
        {
            "key": 30,
            "value": {
                "polymorphic_id": 1073741824,
                "ptr_wrapper": {
                    "id": 2147483679,
                    "data": {
                        "local_path": "",
                        "filename": "templeR0031.png",
                        "width": 640,
                        "height": 480,
                        "id_view": 30,
                        "id_intrinsic": 0,
                        "id_pose": 30
                    }
                }
            }
        },
        {
            "key": 31,
            "value": {
                "polymorphic_id": 1073741824,
                "ptr_wrapper": {
                    "id": 2147483680,
                    "data": {
                        "local_path": "",
                        "filename": "templeR0032.png",
                        "width": 640,
                        "height": 480,
                        "id_view": 31,
                        "id_intrinsic": 0,
                        "id_pose": 31
                    }
                }
            }
        },
        {
            "key": 32,
            "value": {
                "polymorphic_id": 1073741824,
                "ptr_wrapper": {
                    "id": 2147483681,
                    "data": {
                        "local_path": "",
                        "filename": "templeR0033.png",
                        "width": 640,
                        "height": 480,
                        "id_view": 32,
                        "id_intrinsic": 0,
                        "id_pose": 32
                    }
                }
            }
        },
        {
            "key": 33,
            "value": {
                "polymorphic_id": 1073741824,
                "ptr_wrapper": {
                    "id": 2147483682,
                    "data": {
                        "local_path": "",
                        "filename": "templeR0034.png",
                        "width": 640,
                        "height": 480,
                        "id_view": 33,
                        "id_intrinsic": 0,
                        "id_pose": 33
                    }
                }
            }
        },
        {
            "key": 34,
            "value": {
                "polymorphic_id": 1073741824,
                "ptr_wrapper": {
                    "id": 2147483683,
                    "data": {
                        "local_path": "",
                        "filename": "templeR0035.png",
                        "width": 640,
                        "height": 480,
                        "id_view": 34,
                        "id_intrinsic": 0,
                        "id_pose": 34
                    }
                }
            }
        },
        {
            "key": 35,
            "value": {
                "polymorphic_id": 1073741824,
                "ptr_wrapper": {
                    "id": 2147483684,
                    "data": {
                        "local_path": "",
                        "filename": "templeR0036.png",
                        "width": 640,
                        "height": 480,
                        "id_view": 35,
                        "id_intrinsic": 0,
                        "id_pose": 35
                    }
                }
            }
        },
        {
            "key": 36,
            "value": {
                "polymorphic_id": 1073741824,
                "ptr_wrapper": {
                    "id": 2147483685,
                    "data": {
                        "local_path": "",
                        "filename": "templeR0037.png",
                        "width": 640,
                        "height": 480,
                        "id_view": 36,
                        "id_intrinsic": 0,
                        "id_pose": 36
                    }
                }
            }
        },
        {
            "key": 37,
            "value": {
                "polymorphic_id": 1073741824,
                "ptr_wrapper": {
                    "id": 2147483686,
                    "data": {
                        "local_path": "",
                        "filename": "templeR0038.png",
                        "width": 640,
                        "height": 480,
                        "id_view": 37,
                        "id_intrinsic": 0,
                        "id_pose": 37
                    }
                }
            }
        },
        {
            "key": 38,
            "value": {
                "polymorphic_id": 1073741824,
                "ptr_wrapper": {
                    "id": 2147483687,
                    "data": {
                        "local_path": "",
                        "filename": "templeR0039.png",
                        "width": 640,
                        "height": 480,
                        "id_view": 38,
                        "id_intrinsic": 0,
                        "id_pose": 38
                    }
                }
            }
        },
        {
            "key": 39,
            "value": {
                "polymorphic_id": 1073741824,
                "ptr_wrapper": {
                    "id": 2147483688,
                    "data": {
                        "local_path": "",
                        "filename": "templeR0040.png",
                        "width": 640,
                        "height": 480,
                        "id_view": 39,
                        "id_intrinsic": 0,
                        "id_pose": 39
                    }
                }
            }
        },
        {
            "key": 40,
            "value": {
                "polymorphic_id": 1073741824,
                "ptr_wrapper": {
                    "id": 2147483689,
                    "data": {
                        "local_path": "",
                        "filename": "templeR0041.png",
                        "width": 640,
                        "height": 480,
                        "id_view": 40,
                        "id_intrinsic": 0,
                        "id_pose": 40
                    }
                }
            }
        },
        {
            "key": 41,
            "value": {
                "polymorphic_id": 1073741824,
                "ptr_wrapper": {
                    "id": 2147483690,
                    "data": {
                        "local_path": "",
                        "filename": "templeR0042.png",
                        "width": 640,
                        "height": 480,
                        "id_view": 41,
                        "id_intrinsic": 0,
                        "id_pose": 41
                    }
                }
            }
        },
        {
            "key": 42,
            "value": {
                "polymorphic_id": 1073741824,
                "ptr_wrapper": {
                    "id": 2147483691,
                    "data": {
                        "local_path": "",
                        "filename": "templeR0043.png",
                        "width": 640,
                        "height": 480,
                        "id_view": 42,
                        "id_intrinsic": 0,
                        "id_pose": 42
                    }
                }
            }
        },
        {
            "key": 43,
            "value": {
                "polymorphic_id": 1073741824,
                "ptr_wrapper": {
                    "id": 2147483692,
                    "data": {
                        "local_path": "",
                        "filename": "templeR0044.png",
                        "width": 640,
                        "height": 480,
                        "id_view": 43,
                        "id_intrinsic": 0,
                        "id_pose": 43
                    }
                }
            }
        },
        {
            "key": 44,
            "value": {
                "polymorphic_id": 1073741824,
                "ptr_wrapper": {
                    "id": 2147483693,
                    "data": {
                        "local_path": "",
                        "filename": "templeR0045.png",
                        "width": 640,
                        "height": 480,
                        "id_view": 44,
                        "id_intrinsic": 0,
                        "id_pose": 44
                    }
                }
            }
        },
        {
            "key": 45,
            "value": {
                "polymorphic_id": 1073741824,
                "ptr_wrapper": {
                    "id": 2147483694,
                    "data": {
                        "local_path": "",
                        "filename": "templeR0046.png",
                        "width": 640,
                        "height": 480,
                        "id_view": 45,
                        "id_intrinsic": 0,
                        "id_pose": 45
                    }
                }
            }
        },
        {
            "key": 46,
            "value": {
                "polymorphic_id": 1073741824,
                "ptr_wrapper": {
                    "id": 2147483695,
                    "data": {
                        "local_path": "",
                        "filename": "templeR0047.png",
                        "width": 640,
                        "height": 480,
                        "id_view": 46,
                        "id_intrinsic": 0,
                        "id_pose": 46
                    }
                }
            }
        }
    ],
    "intrinsics": [
        {
            "key": 0,
            "value": {
                "polymorphic_id": 2147483649,
                "polymorphic_name": "pinhole_radial_k3",
                "ptr_wrapper": {
                    "id": 2147483696,
                    "data": {
                        "width": 640,
                        "height": 480,
                        "focal_length": 1576.7387659081344,
                        "principal_point": [
                            284.10145220437365,
                            237.950760278473
                        ],
                        "disto_k3": [
                            -2.77613078281306,
                            155.12127007902186,
                            -2660.881270229629
                        ]
                    }
                }
            }
        }
    ],
    "extrinsics": [
        {
            "key": 0,
            "value": {
                "rotation": [
                    [
                        0.9959746014359903,
                        0.0818194198159914,
                        0.03660841208513224
                    ],
                    [
                        -0.05090418150569248,
                        0.8524540014456481,
                        -0.5203181139692703
                    ],
                    [
                        -0.07377911357325878,
                        0.5163601049270534,
                        0.8531874849293482
                    ]
                ],
                "center": [
                    0.05679056029972369,
                    -0.6083574554062521,
                    -0.05601962473207333
                ]
            }
        },
        {
            "key": 1,
            "value": {
                "rotation": [
                    [
                        0.9968673303838563,
                        0.06444085659189526,
                        0.04585740523695314
                    ],
                    [
                        -0.04036562968711487,
                        0.9131243313665252,
                        -0.4056779158475343
                    ],
                    [
                        -0.06801574489282654,
                        0.40255599792841148,
                        0.9128650102718007
                    ]
                ],
                "center": [
                    0.05001684763347725,
                    -0.47246299997521787,
                    -0.126023022978623
                ]
            }
        },
        {
            "key": 2,
            "value": {
                "rotation": [
                    [
                        0.997524142618061,
                        0.04542704412196856,
                        0.05368396926870351
                    ],
                    [
                        -0.028797002322897479,
                        0.9602926181319332,
                        -0.2775046309857405
                    ],
                    [
                        -0.06415853451659739,
                        0.275271631708859,
                        0.9592232332596123
                    ]
                ],
                "center": [
                    0.04550779197246621,
                    -0.3209755536033229,
                    -0.1810851896550371
                ]
            }
        },
        {
            "key": 3,
            "value": {
                "rotation": [
                    [
                        0.9979566514910311,
                        0.025898439756863575,
                        0.05841055181188428
                    ],
                    [
                        -0.017102062176039994,
                        0.9890844166097984,
                        -0.14635414681170373
                    ],
                    [
                        -0.06156331061708404,
                        0.14505615339521098,
                        0.9875062891688586
                    ]
                ],
                "center": [
                    0.042524270055420618,
                    -0.16587716766734693,
                    -0.21379166799616629
                ]
            }
        },
        {
            "key": 4,
            "value": {
                "rotation": [
                    [
                        0.9980099876034655,
                        0.005435226342113604,
                        0.0628213575015752
                    ],
                    [
                        -0.004714747658237791,
                        0.9999214719703435,
                        -0.01161124658168336
                    ],
                    [
                        -0.0628795340174358,
                        0.011291953208878728,
                        0.99795724156623
                    ]
                ],
                "center": [
                    0.04409875615060603,
                    -0.00671205668152297,
                    -0.225977311034635
                ]
            }
        },
        {
            "key": 12,
            "value": {
                "rotation": [
                    [
                        0.9716237370745013,
                        0.04901460181320874,
                        -0.2313976714715884
                    ],
                    [
                        -0.03301583358395213,
                        -0.9406129064313835,
                        -0.33787174339897416
                    ],
                    [
                        -0.23421628527098055,
                        0.3359239929862082,
                        -0.9123035693507203
                    ]
                ],
                "center": [
                    0.2489537973085363,
                    -0.4040103307034104,
                    2.0516731517341517
                ]
            }
        },
        {
            "key": 13,
            "value": {
                "rotation": [
                    [
                        0.9720076047980192,
                        0.0666501141728543,
                        -0.2252975332656005
                    ],
                    [
                        -0.04620386291123403,
                        -0.8859693682547146,
                        -0.46143632449821478
                    ],
                    [
                        -0.2303614969279779,
                        0.458929232883554,
                        -0.8580894708234182
                    ]
                ],
                "center": [
                    0.24425407410972517,
                    -0.5506745831031011,
                    1.9865654965077562
                ]
            }
        },
        {
            "key": 14,
            "value": {
                "rotation": [
                    [
                        0.9731592972341353,
                        0.08244944830326777,
                        -0.21485593005837642
                    ],
                    [
                        -0.058104600432909218,
                        -0.8153411198932377,
                        -0.576057908217371
                    ],
                    [
                        -0.22267653135275648,
                        0.5730802270936661,
                        -0.7886660989918212
                    ]
                ],
                "center": [
                    0.23509761083014198,
                    -0.6866589779046584,
                    1.9033335857358514
                ]
            }
        },
        {
            "key": 15,
            "value": {
                "rotation": [
                    [
                        0.9747927353123599,
                        0.09665146317073,
                        -0.20109106854657797
                    ],
                    [
                        -0.0674626721949477,
                        -0.7314259015484906,
                        -0.6785756688861565
                    ],
                    [
                        -0.21266854737493394,
                        0.6750367732286402,
                        -0.7064682892717129
                    ]
                ],
                "center": [
                    0.22309036934560107,
                    -0.8076591308731962,
                    1.8042561198106864
                ]
            }
        },
        {
            "key": 16,
            "value": {
                "rotation": [
                    [
                        0.9763160306220093,
                        0.10963217798434974,
                        -0.18651486241286864
                    ],
                    [
                        -0.07564388497123605,
                        -0.6347109658725216,
                        -0.7690383556544038
                    ],
                    [
                        -0.20269437835554755,
                        0.7649331835863696,
                        -0.6113854869323278
                    ]
                ],
                "center": [
                    0.2111605172041352,
                    -0.9142168274057051,
                    1.6898263789201702
                ]
            }
        },
        {
            "key": 17,
            "value": {
                "rotation": [
                    [
                        0.9776460849634745,
                        0.12234613732961708,
                        -0.17099577549200627
                    ],
                    [
                        -0.08266742785589404,
                        -0.524104059498126,
                        -0.8476326038970393
                    ],
                    [
                        -0.19332415505383875,
                        0.8428204776214845,
                        -0.5022742414006636
                    ]
                ],
                "center": [
                    0.19979522321002372,
                    -1.006348630176717,
                    1.559186066646405
                ]
            }
        },
        {
            "key": 18,
            "value": {
                "rotation": [
                    [
                        0.9790232049821224,
                        0.13370696056427876,
                        -0.1537400819669217
                    ],
                    [
                        -0.0874481452016956,
                        -0.4057796050449627,
                        -0.9097778487248066
                    ],
                    [
                        -0.18402822068181977,
                        0.9041379102914645,
                        -0.3855752237455967
                    ]
                ],
                "center": [
                    0.18856104760121576,
                    -1.0787713622046132,
                    1.4193923895063437
                ]
            }
        },
        {
            "key": 19,
            "value": {
                "rotation": [
                    [
                        0.9798033035083772,
                        0.1448798648678477,
                        -0.13782347836978069
                    ],
                    [
                        -0.0911426945495139,
                        -0.28991516669895459,
                        -0.9527025796901001
                    ],
                    [
                        -0.17798453771135634,
                        0.9460227380321213,
                        -0.27085509679879246
                    ]
                ],
                "center": [
                    0.18090507423687125,
                    -1.1277206804896272,
                    1.281481396262512
                ]
            }
        },
        {
            "key": 20,
            "value": {
                "rotation": [
                    [
                        0.9820121224809216,
                        0.14780217972085897,
                        -0.1175019445382842
                    ],
                    [
                        -0.0926713631080821,
                        -0.16492212279593683,
                        -0.9819433343488675
                    ],
                    [
                        -0.16451203530503509,
                        0.9751693232881378,
                        -0.1482584943858194
                    ]
                ],
                "center": [
                    0.16493551443171676,
                    -1.161842299689297,
                    1.134697915020128
                ]
            }
        },
        {
            "key": 21,
            "value": {
                "rotation": [
                    [
                        0.9835744183300076,
                        0.1519906513794081,
                        -0.09736634685583293
                    ],
                    [
                        -0.09316156418544915,
                        -0.03456228088994195,
                        -0.9950509392479388
                    ],
                    [
                        -0.15460364344124487,
                        0.9877774499516315,
                        -0.019834888498412037
                    ]
                ],
                "center": [
                    0.15299045199400128,
                    -1.1760502347761944,
                    0.9813141313818939
                ]
            }
        },
        {
            "key": 22,
            "value": {
                "rotation": [
                    [
