{
    "params" :
    [
        {
            "R" : [ 0.995975, 0.0818194, 0.0366084, -0.0509042, 0.852454, -0.520318, -0.0737791, 0.51636, 0.853187 ],
            "C" : [ 0.0567906, -0.608357, -0.0560196 ]
        },
        {
            "R" : [ 0.996867, 0.0644409, 0.0458574, -0.0403656, 0.913124, -0.405678, -0.0680157, 0.402556, 0.912865 ],
            "C" : [ 0.0500168, -0.472463, -0.126023 ]
        },
        {
            "R" : [ 0.997524, 0.045427, 0.053684, -0.028797, 0.960293, -0.277505, -0.0641585, 0.275272, 0.959223 ],
            "C" : [ 0.0455078, -0.320976, -0.181085 ]
        },
        {
            "R" : [ 0.997957, 0.0258984, 0.0584106, -0.0171021, 0.989084, -0.146354, -0.0615633, 0.145056, 0.987506 ],
            "C" : [ 0.0425243, -0.165877, -0.213792 ]
        },
        {
            "R" : [ 0.99801, 0.00543523, 0.0628214, -0.00471475, 0.999921, -0.0116112, -0.0628795, 0.011292, 0.997957 ],
            "C" : [ 0.0440988, -0.00671206, -0.225977 ]
        },
        {
            "R" : [ 0.971624, 0.0490146, -0.231398, -0.0330158, -0.940613, -0.337872, -0.234216, 0.335924, -0.912304 ],
            "C" : [ 0.248954, -0.40401, 2.05167 ]
        },
        {
            "R" : [ 0.972008, 0.0666501, -0.225298, -0.0462039, -0.885969, -0.461436, -0.230361, 0.458929, -0.858089 ],
            "C" : [ 0.244254, -0.550675, 1.98657 ]
        },
        {
            "R" : [ 0.973159, 0.0824494, -0.214856, -0.0581046, -0.815341, -0.576058, -0.222677, 0.57308, -0.788666 ],
            "C" : [ 0.235098, -0.686659, 1.90333 ]
        },
        {
            "R" : [ 0.974793, 0.0966515, -0.201091, -0.0674627, -0.731426, -0.678576, -0.212669, 0.675037, -0.706468 ],
            "C" : [ 0.22309, -0.807659, 1.80426 ]
        },
        {
            "R" : [ 0.976316, 0.109632, -0.186515, -0.0756439, -0.634711, -0.769038, -0.202694, 0.764933, -0.611385 ],
            "C" : [ 0.211161, -0.914217, 1.68983 ]
        },
        {
            "R" : [ 0.977646, 0.122346, -0.170996, -0.0826674, -0.524104, -0.847633, -0.193324, 0.84282, -0.502274 ],
            "C" : [ 0.199795, -1.00635, 1.55919 ]
        },
        {
            "R" : [ 0.979023, 0.133707, -0.15374, -0.0874481, -0.40578, -0.909778, -0.184028, 0.904138, -0.385575 ],
            "C" : [ 0.188561, -1.07877, 1.41939 ]
        },
        {
            "R" : [ 0.979803, 0.14488, -0.137823, -0.0911427, -0.289915, -0.952703, -0.177985, 0.946023, -0.270855 ],
            "C" : [ 0.180905, -1.12772, 1.28148 ]
        },
        {
            "R" : [ 0.982012, 0.147802, -0.117502, -0.0926714, -0.164922, -0.981943, -0.164512, 0.975169, -0.148258 ],
            "C" : [ 0.164936, -1.16184, 1.1347 ]
        },
        {
            "R" : [ 0.983574, 0.151991, -0.0973663, -0.0931616, -0.0345623, -0.995051, -0.154604, 0.987777, -0.0198349 ],
            "C" : [ 0.15299, -1.17605, 0.981314 ]
        },
        {
            "R" : [ 0.985602, 0.150452, -0.0771547, -0.0926382, 0.0987714, -0.990789, -0.141445, 0.983671, 0.111287 ],
            "C" : [ 0.137305, -1.16977, 0.825019 ]
        },
        {
            "R" : [ 0.98751, 0.146893, -0.0569772, -0.0901695, 0.230351, -0.968921, -0.129203, 0.961957, 0.240719 ],
            "C" : [ 0.122764, -1.14309, 0.670893 ]
        },
        {
            "R" : [ 0.989115, 0.142276, -0.0375331, -0.0865267, 0.356088, -0.930438, -0.119014, 0.923558, 0.364523 ],
            "C" : [ 0.11053, -1.09646, 0.523455 ]
        },
        {
            "R" : [ 0.990647, 0.135055, -0.0194517, -0.0819749, 0.475115, -0.876097, -0.109079, 0.869497, 0.481742 ],
            "C" : [ 0.0986679, -1.03093, 0.384199 ]
        },
        {
            "R" : [ 0.992244, 0.124267, -0.00319689, -0.0758762, 0.585083, -0.807416, -0.0984647, 0.801396, 0.589974 ],
            "C" : [ 0.0860142, -0.948989, 0.255723 ]
        },
        {
            "R" : [ 0.993636, 0.111956, 0.0123708, -0.0681981, 0.685385, -0.72498, -0.0896443, 0.719523, 0.688658 ],
            "C" : [ 0.075486, -0.85086, 0.13861 ]
        },
        {
            "R" : [ 0.994845, 0.0981872, 0.0253671, -0.0604206, 0.774781, -0.629336, -0.0814467, 0.624559, 0.776719 ],
            "C" : [ 0.065857, -0.737725, 0.0340774 ]
        },
        {
            "R" : [ 0.995966, 0.0818329, 0.036815, -0.050779, 0.852253, -0.52066, -0.0739828, 0.51669, 0.85297 ],
            "C" : [ 0.0570106, -0.608669, -0.0558104 ]
        },
        {
            "R" : [ 0.996638, 0.0701177, 0.0423768, -0.043967, 0.894193, -0.445517, -0.0691316, 0.442156, 0.89427 ],
            "C" : [ 0.0512997, -0.519745, -0.104547 ]
        }
    ]
}
