48
dinoR0001.png 3310.400000 0.000000 316.730000 0.000000 3325.500000 200.550000 0.000000 0.000000 1.000000 -0.08661715685291285200 0.97203145042392447000 0.21829465483805316000 -0.97597093004059532000 -0.03881511324024737600 -0.21441803766270939000 -0.19994795321325870000 -0.23162091782017200000 0.95203517502501223000 -0.0526034704197 0.023290917003 0.659119498846
dinoR0002.png 3310.400000 0.000000 316.730000 0.000000 3325.500000 200.550000 0.000000 0.000000 1.000000 -0.10951399718548836000 0.97116624441025123000 0.21176174987744151000 -0.95343108813509980000 -0.04240093389221951500 -0.29861718464681858000 -0.28102814225222117000 -0.23460240775428168000 0.93058227149100003000 -0.0521305489803 0.0243277199621 0.660766302364
dinoR0003.png 3310.400000 0.000000 316.730000 0.000000 3325.500000 200.550000 0.000000 0.000000 1.000000 -0.14396457836077139000 0.96965263281337499000 0.19760617153779569000 -0.90366580603479685000 -0.04743335255026152200 -0.42560419233334673000 -0.40331536459778505000 -0.23984130575212276000 0.88306936201487163000 -0.0513472777836 0.0256402456698 0.663501308442
dinoR0004.png 3310.400000 0.000000 316.730000 0.000000 3325.500000 200.550000 0.000000 0.000000 1.000000 -0.17615954052183536000 0.96796961196911402000 0.17889346124094335000 -0.83706469603407152000 -0.05167637661502625500 -0.54465838689362511000 -0.51796861205702582000 -0.24569164740636842000 0.81935523236418450000 -0.05052438457 0.0265531644026 0.666383308077
dinoR0005.png 3310.400000 0.000000 316.730000 0.000000 3325.500000 200.550000 0.000000 0.000000 1.000000 -0.20549915243217384000 0.96614853337174700000 0.15597220137777476000 -0.75486841081186118000 -0.05505096657542011400 -0.65356201391757851000 -0.62285211153835840000 -0.25204445192006247000 0.74062675623573537000 -0.0496771982831 0.0270494702115 0.669358615068
dinoR0006.png 3310.400000 0.000000 316.730000 0.000000 3325.500000 200.550000 0.000000 0.000000 1.000000 -0.23143687262851170000 0.96422332027030622000 0.12926937165558827000 -0.65860811165749811000 -0.05749426020475298400 -0.75028640486482034000 -0.71601208187197274000 -0.25878137856376976000 0.64835049619606955000 -0.0488215004007 0.0271199178584 0.672371805073
dinoR0007.png 3310.400000 0.000000 316.730000 0.000000 3325.500000 200.550000 0.000000 0.000000 1.000000 -0.25348953045428235000 0.96222983574262622000 0.09928239527393226100 -0.55007694583264044000 -0.05896074356509457100 -0.83302976732159129000 -0.79571312905673486000 -0.26577693113948053000 0.54424538439540648000 -0.0479732309556 0.0267631950369 0.675366748066
dinoR0008.png 3310.400000 0.000000 316.730000 0.000000 3325.500000 200.550000 0.000000 0.000000 1.000000 -0.27124632661486509000 0.96020521463405217000 0.06656987287145613200 -0.43129664363018239000 -0.05942309884583171100 -0.90025074898467528000 -0.86047057336729382000 -0.27290079573735726000 0.43025070211367100000 -0.0471481916025 0.0259859468182 0.678287653922
dinoR0009.png 3310.400000 0.000000 316.730000 0.000000 3325.500000 200.550000 0.000000 0.000000 1.000000 -0.28437648559126744000 0.95818717180552493000 0.03174117685280887500 -0.30447985736374050000 -0.05887271324279850400 -0.95069715013877931000 -0.90907810612855156000 -0.28002026823733883000 0.30848995461910772000 -0.0463617512639 0.0248026518662 0.681080111692
dinoR0010.png 3310.400000 0.000000 316.730000 0.000000 3325.500000 200.550000 0.000000 0.000000 1.000000 -0.29263541736226040000 0.95621329957707324000 -0.00455490006640831000 -0.17198894384109037000 -0.05731983939852366300 -0.98342924976823454000 -0.94063026096410485000 -0.28700272633583868000 0.18123131428252068000 -0.0456285598354 0.0232353527273 0.683692103171
dinoR0011.png 3310.400000 0.000000 316.730000 0.000000 3325.500000 200.550000 0.000000 0.000000 1.000000 -0.29586927365374260000 0.95432036745401150000 -0.04164223064050415200 -0.03629195812610536100 -0.05479340441489679400 -0.99783731078169002000 -0.95453928092181617000 -0.29371810004835669000 0.05084536881708638000 -0.0449622752862 0.0213132452192 0.6860749719
dinoR0012.png 3310.400000 0.000000 316.730000 0.000000 3325.500000 200.550000 0.000000 0.000000 1.000000 -0.29401781384102649000 0.95254363718061841000 -0.07882994806514329000 0.10008332165785941000 -0.05134047099598639700 -0.99365293826058598000 -0.95054606727387558000 -0.30004129466721602000 -0.08023903828591291700 -0.0443753092369 0.0190721345685 0.68818432954
dinoR0013.png 3310.400000 0.000000 316.730000 0.000000 3325.500000 200.550000 0.000000 0.000000 1.000000 -0.28711552711770910000 0.95091620588055159000 -0.11542531551888323000 0.23459648205218459000 -0.04702536075889940400 -0.97095407914871867000 -0.92872500603591868000 -0.30585452103930416000 -0.20958005251628167000 -0.0438785957547 0.0165537684268 0.689980882752
dinoR0014.png 3310.400000 0.000000 316.730000 0.000000 3325.500000 200.550000 0.000000 0.000000 1.000000 -0.27529099184420630000 0.94946838969238512000 -0.15074662613606765000 0.36474178111339506000 -0.04192845674106188100 -0.93016357658726512000 -0.88948258839587158000 -0.31104948913510921000 -0.33476827984424806000 -0.0434813877159 0.0138050595545 0.691431164984
dinoR0015.png 3310.400000 0.000000 316.730000 0.000000 3325.500000 200.550000 0.000000 0.000000 1.000000 -0.25876447372510059000 0.94822715832320814000 -0.18413591973560506000 0.48809489134507961000 -0.03614470332115014800 -0.87204127006075205000 -0.83354981633995029000 -0.31552942785272814000 -0.45347173237683847000 -0.0431910842535 0.0108772104965 0.692508160593
dinoR0016.png 3310.400000 0.000000 316.730000 0.000000 3325.500000 200.550000 0.000000 0.000000 1.000000 -0.23784383172715773000 0.94721563376227147000 -0.21497121233681032000 0.60235796070974923000 -0.02978184148648775600 -0.79766987224905717000 -0.76196861550768202000 -0.31921088370380252000 -0.56347917305212991000 -0.0430130932292 0.00782476187925 0.693191806981
dinoR0017.png 3310.400000 0.000000 316.730000 0.000000 3325.500000 200.550000 0.000000 0.000000 1.000000 -0.21291877783174787000 0.94645265879847640000 -0.24267810077476465000 0.70540248439555653000 -0.02295839931537249600 -0.70843478159269413000 -0.67607240824853176000 -0.32202527813064796000 -0.66274137136967881000 -0.042950730279 0.00470457504556 0.693469369107
dinoR0018.png 3310.400000 0.000000 316.730000 0.000000 3325.500000 200.550000 0.000000 0.000000 1.000000 -0.18445361863808038000 0.94595244621195196000 -0.26674045813558944000 0.79530893787266643000 -0.01580148462641393200 -0.60599827900975589000 -0.57746127839962313000 -0.32392018428954944000 -0.74940926036560773000 -0.0430051571066 0.0015747731732 0.693335676516
dinoR0019.png 3310.400000 0.000000 316.730000 0.000000 3325.500000 200.550000 0.000000 0.000000 1.000000 -0.15297860620966625000 0.94572431401685009000 -0.28671004822440826000 0.87040253400376311000 -0.00844441720034378760 -0.49226856274722591000 -0.46797216475099673000 -0.32486030366367524000 -0.82186838123195582000 -0.0431753598432 -0.00150634145011 0.692793219646
dinoR0020.png 3310.400000 0.000000 316.730000 0.000000 3325.500000 200.550000 0.000000 0.000000 1.000000 -0.11908006048154095000 0.94577251188436984000 -0.30221487535765523000 0.92928442115994592000 -0.00102424528472398920 -0.36936420225769134000 -0.34964464235119475000 -0.32482812360766522000 -0.87876895762992979000 -0.0434581679339 -0.00448137348799 0.691852103444
dinoR0021.png 3310.400000 0.000000 316.730000 0.000000 3325.500000 200.550000 0.000000 0.000000 1.000000 -0.08338944722911310900 0.94609614197942327000 -0.31296611393889306000 0.97085774118013590000 0.00632080735562845670 -0.23957467325849086000 -0.22468292908270854000 -0.32382424357508255000 -0.91905103946950217000 -0.0438483131989 -0.00729490372194 0.690529859123
dinoR0022.png 3310.400000 0.000000 316.730000 0.000000 3325.500000 200.550000 0.000000 0.000000 1.000000 -0.04657161505541755600 0.94668917568560440000 -0.31876348873325627000 0.99434806176350765000 0.01345391628587919000 -0.10531770913048159000 -0.09541482525291250500 -0.32186736395172766000 -0.94196424777430265000 -0.0443385279701 -0.00989452140652 0.688851117594
dinoR0023.png 3310.400000 0.000000 316.730000 0.000000 3325.500000 200.550000 0.000000 0.000000 1.000000 -0.00931241051944521270 0.94754056590690716000 -0.31949900561618205000 0.99931780267813175000 0.02024220518154390400 0.03090573688081755400 0.03575164892177518100 -0.31899393770282969000 -0.94708175282233276000 -0.0449196804736 -0.0122318005824 0.686847150636
dinoR0024.png 3310.400000 0.000000 316.730000 0.000000 3325.500000 200.550000 0.000000 0.000000 1.000000 0.02769409788772111600 0.94863445285422510000 -0.31515896329964094000 0.98567438705285304000 0.02655922106302938800 0.16655807969272288000 0.16637311017687328000 -0.31525749132326808000 -0.93430822517618106000 -0.0455809449379 -0.0142632021604 0.684555288361
dinoR0025.png 3310.400000 0.000000 316.730000 0.000000 3325.500000 200.550000 0.000000 0.000000 1.000000 0.06375854892581119000 0.94995045948321721000 -0.30582420856121145000 0.95367196590925585000 0.03228728987541113600 0.29911237279470415000 0.29401632780750164000 -0.31072762774023832000 -0.90388161149009338000 -0.046310003257 -0.0159508849721 0.682018223828
dinoR0026.png 3310.400000 0.000000 316.730000 0.000000 3325.500000 200.550000 0.000000 0.000000 1.000000 0.09820913010109425000 0.95146407108009345000 -0.29166863022156564000 0.90390668380895289000 0.03731970853345313600 0.42609938048123247000 0.41630355015306564000 -0.30548872974239721000 -0.85636870201396487000 -0.0470932744536 -0.0172634106798 0.67928321775
dinoR0027.png 3310.400000 0.000000 316.730000 0.000000 3325.500000 200.550000 0.000000 0.000000 1.000000 0.13040409226215816000 0.95314709192435443000 -0.27295591992471341000 0.83730557380822779000 0.04156273259821786900 0.54515357504151063000 0.53095679761230619000 -0.29963838808815157000 -0.79265457236327796000 -0.0479161676672 -0.0181763294125 0.676401218115
dinoR0028.png 3310.400000 0.000000 316.730000 0.000000 3325.500000 200.550000 0.000000 0.000000 1.000000 0.15974370417249667000 0.95496817052172145000 -0.25003466006154473000 0.75510928858601745000 0.04493732255861173500 0.65405720206546414000 0.63584029709363876000 -0.29328558357445750000 -0.71392609623482883000 -0.0487633539541 -0.0186726352215 0.673425911125
dinoR0029.png 3310.400000 0.000000 316.730000 0.000000 3325.500000 200.550000 0.000000 0.000000 1.000000 0.18568142436883456000 0.95689338362316223000 -0.22333183033935824000 0.65884898943165437000 0.04738061618794459800 0.75078159301270597000 0.72900026742725321000 -0.28654865693075021000 -0.62164983619516301000 -0.0496190518365 -0.0187430828684 0.670412721119
dinoR0030.png 3310.400000 0.000000 316.730000 0.000000 3325.500000 200.550000 0.000000 0.000000 1.000000 0.20773408219460512000 0.95888686815084223000 -0.19334485395770235000 0.55031782360679693000 0.04884709954828619200 0.83352495546947669000 0.80870131461201522000 -0.27955310435503949000 -0.51754472439450017000 -0.0504673212817 -0.0183863600469 0.667417778127
dinoR0031.png 3310.400000 0.000000 316.730000 0.000000 3325.500000 200.550000 0.000000 0.000000 1.000000 0.22549087835518788000 0.96091148925941627000 -0.16063233155522622000 0.43153752140433888000 0.04930945482902333200 0.90074593713256090000 0.87345875892257430000 -0.27242923975716271000 -0.40355004211276457000 -0.0512923606347 -0.0176091118282 0.664496872271
dinoR0032.png 3310.400000 0.000000 316.730000 0.000000 3325.500000 200.550000 0.000000 0.000000 1.000000 0.23862103733159024000 0.96292953208794352000 -0.12580363553657881000 0.30472073513789633000 0.04875906922599013100 0.95119233828666516000 0.92206629168383236000 -0.26530976725718114000 -0.28178929461820079000 -0.0520788009733 -0.0164258168762 0.6617044145
dinoR0033.png 3310.400000 0.000000 316.730000 0.000000 3325.500000 200.550000 0.000000 0.000000 1.000000 0.24687996910258325000 0.96490340431639521000 -0.08950755861736174600 0.17222982161524675000 0.04720619538171529800 0.98392443791612039000 0.95361844651938554000 -0.25832730915868130000 -0.15453065428161436000 -0.0528119924018 -0.0148585177373 0.659092423021
dinoR0034.png 3310.400000 0.000000 316.730000 0.000000 3325.500000 200.550000 0.000000 0.000000 1.000000 0.25011382539406540000 0.96679633643945695000 -0.05242022804326586200 0.03653283590026146200 0.04467976039808842200 0.99833249892957587000 0.96752746647709698000 -0.25161193544616328000 -0.02414470881617977000 -0.053478276951 -0.0129364102292 0.656709554293
dinoR0035.png 3310.400000 0.000000 316.730000 0.000000 3325.500000 200.550000 0.000000 0.000000 1.000000 0.24826236558134929000 0.96857306671285004000 -0.01523251061862663400 -0.09984244388370344700 0.04122682697917801800 0.99414812640847183000 0.96353425282915617000 -0.24528874082730398000 0.10693969828681965000 -0.0540652430003 -0.0106952995785 0.654600196652
dinoR0036.png 3310.400000 0.000000 316.730000 0.000000 3325.500000 200.550000 0.000000 0.000000 1.000000 0.24136007885803201000 0.97020049801291686000 0.02136285683511320000 -0.23435560427802821000 0.03691171674209103900 0.97144926729660463000 0.94171319159119948000 -0.23947551445521581000 0.23628071251718805000 -0.0545619564826 -0.00817693343674 0.652803643441
dinoR0037.png 3310.400000 0.000000 316.730000 0.000000 3325.500000 200.550000 0.000000 0.000000 1.000000 0.22953554358452916000 0.97164831420108333000 0.05668416745229762400 -0.36450090333923868000 0.03181481272425351600 0.93065876473515108000 0.90247077395115238000 -0.23428054635941079000 0.36146893984515455000 -0.0549591645213 -0.00542822456449 0.651353361208
dinoR0038.png 3310.400000 0.000000 316.730000 0.000000 3325.500000 200.550000 0.000000 0.000000 1.000000 0.21300902546542344000 0.97288954557026031000 0.09007346105183514100 -0.48785401357092362000 0.02603105930434176900 0.87253645820863790000 0.84653800189523098000 -0.22980060764179180000 0.48017239237774523000 -0.0552494679837 -0.00250037550652 0.650276365599
dinoR0039.png 3310.400000 0.000000 316.730000 0.000000 3325.500000 200.550000 0.000000 0.000000 1.000000 0.19208838346748064000 0.97390107013119698000 0.12090875365304035000 -0.60211708293559318000 0.01966819746967938400 0.79816506039694313000 0.77495680106296283000 -0.22611915179071745000 0.59017983305303656000 -0.055427459008 0.00055207311077 0.649592719212
dinoR0040.png 3310.400000 0.000000 316.730000 0.000000 3325.500000 200.550000 0.000000 0.000000 1.000000 0.16716332957207078000 0.97466404509499205000 0.14861564209099465000 -0.70516160662140015000 0.01284475529856414000 0.70892996974058009000 0.68906059380381268000 -0.22330475736387201000 0.68944203137058524000 -0.0554898219582 0.00367225994446 0.649315157085
dinoR0041.png 3310.400000 0.000000 316.730000 0.000000 3325.500000 200.550000 0.000000 0.000000 1.000000 0.13869817037840321000 0.97516425768151649000 0.17267799945181950000 -0.79506806009851039000 0.00568784060960555480 0.60649346715764152000 0.59044946395490372000 -0.22140985120497053000 0.77610992036651449000 -0.0554353951306 0.00680206181682 0.649448849677
dinoR0042.png 3310.400000 0.000000 316.730000 0.000000 3325.500000 200.550000 0.000000 0.000000 1.000000 0.10722315794998927000 0.97539238987661836000 0.19264758954063826000 -0.87016165622960684000 -0.00166922681646456020 0.49276375089511210000 0.48096035030627776000 -0.22046973183084473000 0.84856904123286236000 -0.055265192394 0.00988317644013 0.649991306546
dinoR0043.png 3310.400000 0.000000 316.730000 0.000000 3325.500000 200.550000 0.000000 0.000000 1.000000 0.07332461222186396900 0.97534419200909861000 0.20815241667388523000 -0.92904354338578976000 -0.00908939873208435520 0.36985939040557764000 0.36263282790647583000 -0.22050191188685475000 0.90546961763083655000 -0.0549823843033 0.012858208478 0.650932422748
dinoR0044.png 3310.400000 0.000000 316.730000 0.000000 3325.500000 200.550000 0.000000 0.000000 1.000000 0.03763399896943601900 0.97502056191404518000 0.21890365525512312000 -0.97061686340597986000 -0.01643445137243681300 0.24006986140637687000 0.23767111463798929000 -0.22150579191943745000 0.94575169947040894000 -0.0545922390383 0.015671738712 0.652254667069
dinoR0045.png 3310.400000 0.000000 316.730000 0.000000 3325.500000 200.550000 0.000000 0.000000 1.000000 0.00081616679574048404 0.97442752820786405000 0.22470103004948633000 -0.99410718398935161000 -0.02356756030268754300 0.10581289727836769000 0.10840301080819337000 -0.22346267154279231000 0.96866490777520942000 -0.0541020242672 0.0182713563965 0.653933408598
dinoR0046.png 3310.400000 0.000000 316.730000 0.000000 3325.500000 200.550000 0.000000 0.000000 1.000000 -0.03644303774023180400 0.97357613798656129000 0.22543654693241216000 -0.99907692490397570000 -0.03035584919835226200 -0.03041054873293141300 -0.02276346336649414900 -0.22633609779169028000 0.97378241282323952000 -0.0535208717636 0.0206086355724 0.655937375557
dinoR0047.png 3310.400000 0.000000 316.730000 0.000000 3325.500000 200.550000 0.000000 0.000000 1.000000 -0.07344954614739825100 0.97248225103924335000 0.22109650461587099000 -0.98543350927869700000 -0.03667286507983776700 -0.16606289154483711000 -0.15338492462159267000 -0.23007254417125186000 0.96100888517708782000 -0.0528596072993 0.0226400371504 0.658229237831
dinoR0048.png 3310.400000 0.000000 316.730000 0.000000 3325.500000 200.550000 0.000000 0.000000 1.000000 -0.10951399718548831000 0.97116624441025123000 0.21176174987744156000 -0.95343108813509980000 -0.04240093389221950800 -0.29861718464681830000 -0.28102814225222095000 -0.23460240775428165000 0.93058227149100015000 -0.0521305489803 0.0243277199621 0.660766302364
